version https://git-lfs.github.com/spec/v1
oid sha256:0684707a0e38f53aeb01ce84bb0e311cac6b6c58ba0e8d5b42ae00611819b35b
size 1461940
