version https://git-lfs.github.com/spec/v1
oid sha256:1ce755ff9fe011c9732fe8d2846d48114a744f0e1ddd2067574ebb068f3382f3
size 990452
